   0 2.16 4.11 1.02 2.27 4.78 4.60 8.32 5.01 2.65 7.27
2.16    0 8.11 1.43 8.89 8.25 1.34 8.01 6.69 1.65 4.99
4.11 8.11    0 5.07 5.65 8.75 5.51 3.80 1.26 1.16 8.38
1.02 1.43 5.07    0 7.76 6.81 5.54 4.17 2.04 0.02 2.78
2.27 8.89 5.65 7.76    0 8.72 5.79 0.83 2.83 0.10 0.20
4.78 8.25 8.75 6.81 8.72    0 4.71 5.59 6.13 7.69 1.56
4.60 1.34 5.51 5.54 5.79 4.71    0 3.00 2.01 5.66 1.83
8.32 8.01 3.80 4.17 0.83 5.59 3.00    0 0.75 1.45 5.67
5.01 6.69 1.26 2.04 2.83 6.13 2.01 0.75    0 4.00 5.34
2.65 1.65 1.16 0.02 0.10 7.69 5.66 1.45 4.00    0 0.98
7.27 4.99 8.38 2.78 0.20 1.56 1.83 5.67 5.34 0.98    0