   0 3.50 7.42 2.88 1.51 1.61 6.03 6.85 6.84 3.81 4.49 5.31
3.50    0 3.91 3.75 2.66 5.92 3.61 1.12 1.19 4.63 0.65 8.04
7.42 3.91    0 4.30 3.83 2.54 2.53 3.49 1.47 8.91 8.04 6.06
2.88 3.75 4.30    0 5.28 6.49 7.42 2.03 7.30 0.65 4.78 8.94
1.51 2.66 3.83 5.28    0 3.85 0.62 2.20 1.84 3.03 2.15 3.03
1.61 5.92 2.54 6.49 3.85    0 5.17 5.22 8.29 7.05 3.59 8.26
6.03 3.61 2.53 7.42 0.62 5.17    0 7.01 4.69 6.07 1.76 6.70
6.85 1.12 3.49 2.03 2.20 5.22 7.01    0 5.13 3.36 8.69 1.59
6.84 1.19 1.47 7.30 1.84 8.29 4.69 5.13    0 8.99 6.05 4.42
3.81 4.63 8.91 0.65 3.03 7.05 6.07 3.36 8.99    0 8.49 3.39
4.49 0.65 8.04 4.78 2.15 3.59 1.76 8.69 6.05 8.49    0 5.85
5.31 8.04 6.06 8.94 3.03 8.26 6.70 1.59 4.42 3.39 5.85    0