   0 6.28 5.01 2.99 2.77 6.33 3.65 5.25 4.50 3.57 6.31 0.97 5.31
6.28    0 5.42 6.84 3.44 8.82 5.13 0.59 5.28 2.55 2.51 2.47 7.50
5.01 5.42    0 1.96 2.59 8.00 3.77 8.52 7.52 3.16 5.47 8.36 0.70
2.99 6.84 1.96    0 0.59 4.12 8.86 3.53 3.64 2.08 0.22 6.25 7.14
2.77 3.44 2.59 0.59    0 6.77 8.26 7.11 4.67 5.62 5.71 8.88 0.02
6.33 8.82 8.00 4.12 6.77    0 6.62 4.99 1.51 3.81 2.82 0.88 1.47
3.65 5.13 3.77 8.86 8.26 6.62    0 3.27 6.38 1.88 0.20 5.70 6.74
5.25 0.59 8.52 3.53 7.11 4.99 3.27    0 1.48 8.27 2.60 3.09 0.47
4.50 5.28 7.52 3.64 4.67 1.51 6.38 1.48    0 8.52 7.28 4.59 1.29
3.57 2.55 3.16 2.08 5.62 3.81 1.88 8.27 8.52    0 0.20 2.57 5.26
6.31 2.51 5.47 0.22 5.71 2.82 0.20 2.60 7.28 0.20    0 5.05 5.85
0.97 2.47 8.36 6.25 8.88 0.88 5.70 3.09 4.59 2.57 5.05    0 7.86
5.31 7.50 0.70 7.14 0.02 1.47 6.74 0.47 1.29 5.26 5.85 7.86    0