   0 1.44 8.24 3.38 6.65 1.70 7.23 2.27 3.07 1.77 4.62 3.83 1.75 6.52 6.38 0.28
1.44    0 0.63 2.78 0.53 3.50 7.24 4.84 0.76 2.85 0.18 7.53 3.62 7.72 1.05 1.57
8.24 0.63    0 5.28 5.36 7.28 2.76 4.19 3.95 0.46 7.08 5.30 5.82 6.65 7.64 3.54
3.38 2.78 5.28    0 8.69 6.89 2.11 6.04 1.70 8.78 8.74 4.26 5.83 7.49 1.08 8.47
6.65 0.53 5.36 8.69    0 8.58 7.67 1.65 4.28 8.74 4.23 6.35 7.28 0.84 1.03 2.78
1.70 3.50 7.28 6.89 8.58    0 2.73 8.04 1.24 6.26 5.79 0.10 1.44 1.63 2.71 6.03
7.23 7.24 2.76 2.11 7.67 2.73    0 2.80 3.25 3.67 3.81 2.78 6.84 4.98 6.07 5.27
2.27 4.84 4.19 6.04 1.65 8.04 2.80    0 2.27 3.45 7.36 7.51 2.59 8.34 4.94 7.23
3.07 0.76 3.95 1.70 4.28 1.24 3.25 2.27    0 0.48 5.56 3.64 7.00 5.90 7.71 4.23
1.77 2.85 0.46 8.78 8.74 6.26 3.67 3.45 0.48    0 0.59 0.22 4.98 2.66 4.92 4.82
4.62 0.18 7.08 8.74 4.23 5.79 3.81 7.36 5.56 0.59    0 1.50 7.10 2.13 8.14 8.58
3.83 7.53 5.30 4.26 6.35 0.10 2.78 7.51 3.64 0.22 1.50    0 6.97 7.67 2.68 5.30
1.75 3.62 5.82 5.83 7.28 1.44 6.84 2.59 7.00 4.98 7.10 6.97    0 2.94 0.31 7.82
6.52 7.72 6.65 7.49 0.84 1.63 4.98 8.34 5.90 2.66 2.13 7.67 2.94    0 0.65 8.25
6.38 1.05 7.64 1.08 1.03 2.71 6.07 4.94 7.71 4.92 8.14 2.68 0.31 0.65    0 0.54
0.28 1.57 3.54 8.47 2.78 6.03 5.27 7.23 4.23 4.82 8.58 5.30 7.82 8.25 0.54    0